Code	Short	Wolbachia	Spp	Perc_Dsim	CC	Country	Loc	Date	Year	Month	Day	Lat	Lon	Alt	Season	Flies	Kallithea_virus	Esparto_virus	Viltain_virus	Linvill_Road_virus	Tomelloso_virus	Mauternbach_virus	Yalta_virus	Drosophila-associated_Adintovirus_1	Drosophila-associated_Adintovirus_2	Drosophila-associated_Adintovirus_3	Filamentous_virus	Hytrosa_virus	Nudivirus_Kaniv	Vesanto_virus	Vesanto_S01	Vesanto_S02	Vesanto_S03	Vesanto_S04	Vesanto_S05	Vesanto_S06	Vesanto_S07	Vesanto_S08	Vesanto_S09	Vesanto_S10	Vesanto_S11	Vesanto_S12	Relative_Galbut																	
AT_Mau_14_01	2014_01	1.803528186	Dmel	0.001161284	AT	Austria	Mau	2014/07/20	Y2014	7	20	48.375	15.56	320	S	40	0	0	0.001018893	0	0	0	0	0	0	0	0	0	0	3.230478941	0.378815779	0.688900642	2.289142757	0.579140626	3.230478941	0.926906226	0.441819016	0.306995845	0	1.703150748	0.111404351	0	0																	
AT_Mau_14_02	2014_02	1.106873363	Dmel	0.000923017	AT	Austria	Mau	2014/10/19	Y2014	10	19	48.375	15.56	320	F	40	0.069447838	2.18E-05	0	0	0	0	0	0	0	0	0	0	0	2.175535475	0.10222393	0.243224224	0.963709418	0.322714953	2.175535475	0.012221529	0	0.088620468	0	0.559195565	0.054640486	0.587845313	0																	
TR_Yes_14_03	2014_03	6.358944594	Dsim	0.04220103	TR	Turkey	Yes	2014/08/31	Y2014	8	31	40.231444	32.260328	704	S	40	0.42449108	1.86E-05	0.002708132	0	0	0	0	0	0	0	0	0	0	0.002780621	0	0.002780621	0	0	0	0	0	0	0	0	0	0	0																	
TR_Yes_14_04	2014_04	1.077268606	Dmel	0.002347135	TR	Turkey	Yes	2014/10/23	Y2014	10	23	40.231444	32.260328	704	F	40	0.002308934	0.000131279	0.000598467	0.001233005	0	5.84E-05	0	0	0	0	0	0	0	0	0	0	0	0	0	0	0	0	0	0	0	0	0																	
FR_Vil_14_05	2014_05	1.144628567	Dmel	0.002582861	FR	France	Vil	2014/08/18	Y2014	8	18	48.7543324	2.1584108	154.4	S	40	0.457868613	2.33E-05	0	0	0	1.39E-05	0	0	0	0	0	0	0	0.000733691	0.000733691	0	0	0	0	0	0	0	0	0	0	0	0																	
FR_Vil_14_07	2014_07	1.43493042	Dsim	0.055989229	FR	France	Vil	2014/10/27	Y2014	10	27	48.7543324	2.1584108	154.4	F	40	1.507036434	4.28E-05	37.96536503	0	0	3.80E-05	0	0	0	0	0	0	0	7.193502396	0.335501779	0.878450741	1.834683381	1.834024858	7.193502396	0.124713804	0	1.264033609	0	4.901703928	0.001069886	0	0																	
FR_Got_14_08	2014_08	1.241513822	Dmel	0.001798389	FR	France	Got	2014/07/08	Y2014	7	8	44.976813	4.930005	178	S	40	0.26151052	7.11E-05	0.023622578	0	0	2.81E-05	0	0	0	0	0	0	0	0.005234271	0.000496435	0.001478957	0.001784227	0.001265664	0.005234271	0	0	0.001417135	0	0.00418584	0	0	0																	
UK_She_14_09	2014_09	0.002191304	Dmel	0.003329024	UK	United Kingdom	She	2014/08/25	Y2014	8	25	53.39052	-1.520599	95.1	S	40	0.001243956	8.55E-06	0.016835574	0	0	1.01E-05	0	0	0	0	0	0	0	0.004956613	0	0	0.0012873	0.000684872	0.004956613	0	0	0.00153367	0	0.002265027	0	0	0																	
UK_Sou_14_10	2014_10	3.743582152	Dmel	0.001232969	UK	United Kingdom	Sou	2014/07/14	Y2014	7	14	55.972871	-3.351475	71.4	S	40	0.218326672	2.93E-05	0	0.042332578	0	0	0	0	0	0	0	0	0	0.01818167	0.008736991	0.006575716	0.002203612	0.002930925	0.01818167	0.00504097	0.003862405	0.005250702	0.006207862	0.013570535	0.001464929	0	0.041356289																	
CY_Nic_14_11	2014_11	5.04082755	Dmel	0.001388054	CY	Cyprus	Nic	2014/08/10	Y2014	8	10	35.066461	33.322646	264	S	40	0.000105613	0	0	0	0	0	0	0	0	0	0	0	0	0.000808245	0	0.000730789	0	0	0.000808245	0	0	0	0	0	0	0	0																	
UK_Mar_14_12	2014_12	6.359718733	Dmel	0	UK	United Kingdom	Mar	2014/10/20	Y2014	10	20	52.475769	-0.921517	80	F	40	0.000136617	0	0	0	0	0	0	0	0	0	0	0	0	0	0	0	0	0	0	0	0	0	0	0	0	0	0																	
UK_Lut_14_13	2014_13	2.964146202	Dmel	0.000855788	UK	United Kingdom	Lut	2014/10/20	Y2014	10	20	52.433592	-1.102667	137	F	40	5.49E-05	1.14E-05	0.013314109	0	0	0	0.000332724	0	0	0	0	0	0	0	0	0	0	0	0	0	0	0	0	0	0	0	0																	
DE_Bro_14_14	2014_14	0.927761719	Dmel	0.000770011	DE	Germany	Bro	2014/06/26	Y2014	6	26	48.218024	7.819513	203.3	S	40	0.526676639	1.02E-05	0	0	0	0	0	0	0	0	0	0	0	0	0	0	0	0	0	0	0	0	0	0	0	0	0.022101503																	
DE_Bro_14_15	2014_15	1.02382924	Dmel	0	DE	Germany	Bro	2014/10/15	Y2014	10	15	48.218024	7.819513	203.3	F	40	0.009890914	6.55E-05	0	0	0	0	0	0	0	0	0	0	0	0	0	0	0	0	0	0	0	0	0	0	0	0	0.01423541																	
UA_Yal_14_16	2014_16	7.579663418	Dmel	0	UA	Ukraine	Yal	2014/06/20	Y2014	6	20	44.5015	34.16611944	47.3	S	40	0.000590088	0	0	0	0	1.29E-05	0.570846223	0	0	0	0	0	0	0	0	0	0	0	0	0	0	0	0	0	0	0	0																	
UA_Yal_14_18	2014_18	4.709632121	Dmel	0.001698478	UA	Ukraine	Yal	2014/08/27	Y2014	8	27	44.5015	34.16611944	47.3	S	40	2.892949383	1.22E-05	0	0	0	0	2.03E-05	0	0	0	0	0	0	0	0	0	0	0	0	0	0	0	0	0	0	0	0																	
UA_Ode_14_19	2014_19	3.23506061	Dmel	0.007382247	UA	Ukraine	Ode	2014/07/03	Y2014	7	3	46.44155556	30.77169444	11.1	S	40	0.00195719	0	0	0	0	0	0	0	0	0	0	0	0	0	0	0	0	0	0	0	0	0	0	0	0	0	0																	
UA_Ode_14_20	2014_20	1.854640578	Dmel	0.001197487	UA	Ukraine	Ode	2014/07/22	Y2014	7	22	46.44155556	30.77169444	11.1	S	40	2.912893686	0	0	0	0	1.88E-05	0	0	0	0	0	0	0	0	0	0	0	0	0	0	0	0	0	0	0	0	0																	
UA_Ode_14_21	2014_21	3.644876114	Dsim	0.053308079	UA	Ukraine	Ode	2014/08/29	Y2014	8	29	46.44155556	30.77169444	11.1	S	40	8.267895541	0	0	0.572180582	0	0	0	0	0	0	0	0	0	0	0	0	0	0	0	0	0	0	0	0	0	0	0																	
UA_Ode_14_22	2014_22	2.441478672	Dsim	0.023407813	UA	Ukraine	Ode	2014/10/10	Y2014	10	10	46.44155556	30.77169444	11.1	F	40	0.396719549	0	0	0	0	0	0	0	0	0	0	0	0	0	0	0	0	0	0	0	0	0	0	0	0	0	0																	
UA_Kyi_14_23	2014_23	0.90392215	Dmel	0	UA	Ukraine	Kyi	2014/08/09	Y2014	8	9	50.34402778	30.48911111	167.7	S	40	0.150534283	0	0.000821652	0	0	1.34E-05	0	0	0	0	0	0	0	15.99175599	1.331665753	2.263922654	5.166514227	1.781476101	15.99175599	1.224282626	1.003954731	0.478459929	0.007645928	8.104886097	0.834856792	0	0																	
UA_Kyi_14_24	2014_24	0.99574866	Dmel	0	UA	Ukraine	Kyi	2014/09/08	Y2014	9	8	50.34402778	30.48911111	167.7	F	40	0.000552517	0	0	0	0	1.95E-05	0	0	0	0	0	0	0	8.78869272	0.437752316	1.607355914	2.216359179	0.974081697	8.78869272	0.329954108	0.467006895	0.723424868	2.700065568	8.407376054	0.703028244	0	0																	
UA_Var_14_25	2014_25	1.686388	Dmel	0	UA	Ukraine	Var	2014/08/18	Y2014	8	18	50.48469444	32.71425	130.7	S	40	4.58E-05	1.27E-05	0	0	0	0	0	0	0	0	0	0	0	0.001077535	0	0	0	0	0	0	0	0	0.001077535	0	0	0	0																	
UA_Pyr_14_26	2014_26	5.498806328	Dmel	0	UA	Ukraine	Pyr	2014/08/20	Y2014	8	20	50.25375	32.51880556	98.3	S	40	2.28E-05	0	0	0	0	0	0	0	0	0	0	0	0	0.003342239	0.000594577	0.000708536	0.00071232	0.001136909	0.002350897	0	0.001664701	0	0	0.003342239	0	0	0.006170059																	
UA_Dro_14_27	2014_27	7.240442348	Dmel	0	UA	Ukraine	Dro	2014/08/24	Y2014	8	24	49.32991667	23.50280556	310.9	S	40	0.387444303	0	0	0	0	0	0	0	0	0	0	0	0	6.745513327	1.532327096	1.840277117	1.369449504	0.880214415	6.052635602	0.529518689	0	0.210472923	0	6.745513327	0.250394535	0	0.009738969																	
UA_Cho_14_28	2014_28	4.644319153	Dmel	0	UA	Ukraine	Cho	2014/09/13	Y2014	9	13	51.37330556	30.13830556	112	F	40	0.81238133	2.54E-05	0	0	0	0	0	0	0	0	0	0	0	1.876666094	0.272036654	0.358824482	0.685694135	0.699144714	1.876666094	0.381504612	0.218570244	0.570199467	0	0.002238907	0	0	0.009644167																	
UA_Cho_14_29	2014_29	2.728032117	Dmel	0.002204649	UA	Ukraine	Cho	2014/09/13	Y2014	9	13	51.38691667	30.07330556	108.8	F	40	0.000248614	0	0	0	0	0	0	0	0	0	0	0	0	0	0	0	0	0	0	0	0	0	0	0	0	0	0																	
SE_Lun_14_30	2014_30	4.146849006	Dmel	0	SE	Sweden	Lun	2014/07/31	Y2014	7	31	55.694	13.198	28.2	S	40	6.55E-05	0	0	0	0	0	0	0	0	0	0	0	0	0.001172863	0	0	0	0	0	0.001172863	0	0	0	0	0	0	0																	
DE_Mun_14_31	2014_31	8.40600222	Dmel	0	DE	Germany	Mun	2014/06/19	Y2014	6	19	48.18	11.61	502	S	40	1.87E-05	0.000574053	0	0	0	0	0	0	0	0	0	0	0	14.07570904	2.245571517	2.587657067	5.448267726	4.73632326	14.07570904	1.907326162	3.061002289	3.036038841	0	6.620401913	0.536869461	0	0																	
DE_Mun_14_32	2014_32	3.551476787	Dmel	0	DE	Germany	Mun	2014/09/03	Y2014	9	3	48.18	11.61	502	F	40	1.252373289	0	0	0	0	1.64E-05	0	0	0	0	0	0	0	11.76495818	1.55976032	1.84884992	1.536330071	2.239208825	11.76495818	0.921288136	2.446853142	3.61721584	3.582354042	5.984062916	0.467487958	0	0																	
PT_Rec_14_33	2014_33	5.633735204	Dsim	0.022456698	PT	Portugal	Rec	2014/09/26	Y2014	9	26	41.15	-8.41	97	F	40	4.189732756	1.36E-05	0	1.035970548	0	0	0	0	0	0	0	0	0	0.024202618	0.001708243	0.001017825	0.002558153	0.00217759	0.024202618	0	0.00597844	0.004876394	0.001153064	0.015603873	0	0	0																	
ES_Gim_14_34	2014_34	7.450653397	Dsim	0.182454727	ES	Spain	Gim	2014/10/20	Y2014	10	20	41.6175899	0.6200146	186.3	F	40	18.07065862	0.006025332	0	0	0	1.50E-05	3.17E-05	0	0	0	0	0	0	0.001899999	0	0.001899999	0	0.00101624	0.001050689	0	0	0.001137861	0.001076226	0.001120313	0	0	0																	
ES_Gim_14_35	2014_35	5.460288026	Dsim	0.172932572	ES	Spain	Gim	2014/08/13	Y2014	8	13	41.6175899	0.6200146	186.3	S	40	0.001091722	1.21E-05	0	0.000909473	0	1.44E-05	0	0	0	0	0	0	0	0.015038672	0.002662453	0.007251995	0	0.001939413	0.015038672	0.002084778	0	0	0	0.004810563	0	0	0																	
FI_Aka_14_36	2014_36	0.472971196	Dmel	0	FI	Finland	Aka	2014/07/25	Y2014	7	25	61.1	23.52	110	S	40	0.001290174	0	0	0	0	0	0	0	0	0	0	0	0	0.006439269	0	0.002328873	0.001170656	0.002491258	0.006439269	0	0	0.002789404	0.001319156	0.003432984	0	0	0																	
FI_Aka_14_37	2014_37	3.382511404	Dmel	0	FI	Finland	Aka	2014/08/27	Y2014	8	27	61.1	23.52	110	S	40	0.000430324	1.56E-05	0	0	0	0	0	0	0	0	0	0	0	0.001288652	0	0	0	0.001246401	0.001288652	0	0	0	0	0	0	0	0																	
FI_Ves_14_38	2014_38	4.7575239	Dmel	0.001682738	FI	Finland	Ves	2014/07/26	Y2014	7	26	62.55	26.24	105	S	33	0.000336766	1.08E-05	0	0	0	0	0	0	0	0	0	0	0	44.94888301	15.55999499	17.98489703	0	6.941769291	44.94888301	3.810342734	2.825210254	3.854387134	0	23.75420255	0.76911003	0	0																	
DK_Kar_14_39	2014_39	1.765530481	Dmel	0	DK	Denmark	Kar	2014/09/01	Y2014	9	1	55.945128	10.212586	16	F	40	0.000503595	0.001175221	0	0	0	0	0	0	0	0	0	0	0	0.046433903	0.01188532	0.01669246	0.001017068	0.003246613	0.046433903	0.002326638	0.000594225	0.001817579	0	0.026843231	0.002253771	0	0.05873173																	
DK_Kar_14_41	2014_41	3.174384193	Dmel	0.001383248	DK	Denmark	Kar	2014/11/25	Y2014	11	25	55.945128	10.212586	16	F	40	0.000327409	0.020061564	0	0	0	0	0	0	0	0	0	0	0	0.008456468	0.004277534	0.001911518	0	0.001363201	0.008456468	0	0	0	0	0.006011224	0	0	0.011097233																	
CH_Cha_14_42	2014_42	0.852711332	Dmel	0	CH	Switzerland	Cha	2014/07/24	Y2014	7	24	46.5670416	6.701867	869.9	S	40	0.000107906	0	0	0	0	1.18E-05	0	0	0	0	0	0	0	0.029728595	0.003446119	0.011199856	0	0.003194876	0.029728595	0.001717171	0.001315701	0.004471537	0	0.012327218	0.000665357	0	0																	
CH_Cha_14_43	2014_43	1.562750648	Dsim	0.025921408	CH	Switzerland	Cha	2014/10/05	Y2014	10	5	46.5670416	6.701867	869.9	F	40	0.179826829	0.000114307	0	0	0	0	0	0	0	0	0	0	0	0.017358026	0.005387855	0.004280339	0	0.001526265	0.017358026	0	0	0.00512677	0.003232713	0.012619266	0	0	0																	
AT_See_14_44	2014_44	1.89629934	Dmel	0.001997411	AT	Austria	See	2014/08/17	Y2014	8	17	46.8136889	13.50794792	591.7	S	40	0.004149294	0.000158494	0	0	0	0	0	0	0	0	0	0	0	0.265589591	0.011876344	0.068480335	0.156969082	0.017581259	0.265589591	0.002624865	0.002145257	0.006561777	0.001034391	0.093140076	0.005695555	0.076108644	0																	
UA_Kha_14_45	2014_45	3.261474734	Dmel	0	UA	Ukraine	Kha	2014/07/26	Y2014	7	26	49.81852778	36.05475	104.3	S	40	9.104091831	2.54E-05	0	0.001431013	0	1.51E-05	0	0	0	0	0	0	0	2.408857572	0.805133231	0.999860504	0.000477984	0.344828141	2.408857572	0.205018832	0.190458	0.240313514	0.05547759	1.185280097	0.036859788	0	0.012420785																	
UA_Kha_14_46	2014_46	4.074662837	Dmel	0	UA	Ukraine	Kha	2014/09/14	Y2014	9	14	49.81852778	36.05475	104.3	F	40	14.00304575	0.000123667	0	0.000929208	0	2.93E-05	0	0	0	0	0	0	0	0.709280075	0.065674081	0.119475968	0.261643868	0.190719213	0.668377855	0.047392891	0.004896075	0.183592293	0.709280075	0.557573931	0.07262848	0	0																	
UA_Cho_14_47	2014_47	1.891821438	Dmel	0.001177718	UA	Ukraine	Cho	2014/09/13	Y2014	9	13	51.27263889	30.22136111	127	F	40	0.44753615	0.000771775	0	0.000999819	0	0	0	0	0	0	0	0	0	0.020390199	0.002508804	0.003487925	0.006011235	0.001066036	0.020390199	0.001145939	0.001170695	0	0.001128962	0.003525625	0	0	0.017356281																	
UA_Cho_14_48	2014_48	1.682172272	Dmel	0	UA	Ukraine	Cho	2014/09/13	Y2014	9	13	51.27888889	29.39438889	127	F	35	0.017584385	0	0	0.002080809	0	0	0	0	0	0	0	0	0	18.59089864	3.109713009	2.515251133	8.988795256	3.034517595	18.59089864	0.767941765	2.183654566	2.231997759	9.905830453	0.020178082	0.001848177	0	0																	
UA_Kyi_14_49	2014_49	2.038115237	Dsim	0.038019853	UA	Ukraine	Kyi	2014/10/11	Y2014	10	11	50.34402778	30.48911111	167.7	F	40	0.162806766	0	0	2.298595567	0	0	0	0	0	0	0	0	0	20.87863549	3.112115173	2.3757667	19.12008869	2.997859673	20.87863549	0.484657183	1.2397318	1.667393685	2.262665715	10.78499802	0.581659982	0	0																	
UA_Uma_14_50	2014_50	1.183304869	Dmel	0	UA	Ukraine	Uma	2014/10/01	Y2014	10	1	48.75327778	30.20580556	216.5	F	40	0.042519137	0	0	0	0	1.73E-05	0	0	0	0	0	0	0	0.012105186	0.001837138	0.005473125	0.012105186	0.003512849	0.009685143	0	0.001285909	0	0.001240068	0	0.000975436	0	0																	
RU_Val_14_51	2014_51	7.862925081	Dmel	0.000768234	RU	Russia	Val	2014/08/17	Y2014	8	17	57.9788789	33.243615	216	S	40	0.037673705	8.13E-06	0	0	0	0	0	0	0	0	0	0	0	0.238862814	0.042177615	0.040209211	0.034299125	0.042035304	0.238862814	0.029423427	0.074431994	0.078808121	0.115950097	0.121777537	0.007600516	0	0.030063319																	
TR_Yes_15_3	2015_03	3.182083215	Dmel	0	TR	Turkey	Yes	2015/05/01	Y2015	5	1	40.231444	32.260328	704	S	40	0.090705831	0	0	0	0	1.01E-05	7.10E-06	0.000214414	0	0	0	0	0	0.023645863	0.000535558	0.002871919	0.012511451	0.007509745	0.023645863	0.003302437	0.000749729	0.001528816	0.020605575	0.009407745	0.002274852	0.000925169	0																	
TR_Yes_15_4	2015_04	1.259681748	Dmel	0	TR	Turkey	Yes	2015/06/01	Y2015	6	1	40.231444	32.260328	704	S	40	0.001286266	8.91E-06	0	0	0	3.17E-05	0	0	0	0	0	0	0	0.007084752	0	0	0.002013265	0	0.001845682	0	0	0.001998812	0	0.007084752	0	0	0																	
TR_Yes_15_5	2015_05	5.143165488	Dmel	0	TR	Turkey	Yes	2015/07/28	Y2015	7	28	40.231444	32.260328	704	S	40	0.010635691	1.48E-05	0	0.00055515	0.000204958	2.63E-05	0	0	0	0	1.57E-05	0	0	4.549478255	0.917300923	1.24832435	4.275371612	1.292747919	3.341118716	0.704047743	0.695531533	0.931504162	0.006895428	4.549478255	0.370799913	0.001203209	0																	
TR_Yes_15_6	2015_06	6.532212729	Dmel	0	TR	Turkey	Yes	2015/08/27	Y2015	8	27	40.231444	32.260328	704	S	40	6.029621452	2.98E-05	0	0.022687463	0.000255479	3.54E-05	0	0	0	0	0	0	0	34.77815727	4.499009372	5.376379707	15.40106844	4.847266473	32.30217033	6.652956444	3.84076231	3.881184944	0.013915911	34.77815727	2.552712323	0	0																	
TR_Yes_15_7	2015_07	2.105307473	Dser	0.001486664	TR	Turkey	Yes	2015/09/17	Y2015	9	17	40.231444	32.260328	704	S	40	0.139495838	7.94E-05	0	4.102915776	0	0.000471163	0	0	0	0	0	0	0	14.28310183	2.745051294	2.112944813	7.477306884	2.641152249	14.28310183	4.623393739	1.741467459	0.482949266	0	9.522553844	0.609198991	0	0																	
TR_Yes_15_8	2015_08	6.333794606	Dmel	0	TR	Turkey	Yes	2015/10/15	Y2015	10	15	40.231444	32.260328	704	F	40	1.845646751	0	0	7.063044083	0	9.59E-06	0	0	0	0	0	0	0	0.049224063	0.009146573	0.005752585	0.019176237	0.006477573	0.049224063	0.012533555	0.003912432	0.007978068	0.010289894	0.019994628	0.003237607	0	0																	
UA_Uma_15_9	2015_09	1.548559317	Dmel	0	UA	Ukraine	Uma	2015/09/26	Y2015	9	26	48.75327778	30.20580556	216.5	S	40	0.032126257	9.37E-06	0	0.008451533	0	0	0	0	0	0	0	0	0	0.066769975	0.012370801	0.011582866	0.036698542	0.023654594	0.066769975	0.016548106	0.00948363	0.019338622	0.014712417	0.030630188	0.00250222	0.000508819	0																	
UA_Dro_15_10	2015_10	0.39049047	Dmel	0.001471931	UA	Ukraine	Dro	2015/09/18	Y2015	9	18	49.32991667	23.50280556	310.9	S	40	0.010003551	0.000395691	0	0.005946269	0	0	0	0	0	0	0	0	0	11.91699953	1.173764056	3.046389797	4.073616624	3.735015718	11.91699953	0.62057053	1.868665575	2.449891765	3.140440546	0.048925611	0.039611114	0.091168486	0																	
UA_Ode_15_11	2015_11	3.827186606	Dsim	0.260283745	UA	Ukraine	Ode	2015/09/26	Y2015	9	26	46.44155556	30.77169444	11.1	S	40	2.230210038	1.90E-05	0	0.002502386	0	2.26E-05	0	0	0	0	0	0	0	0.057141652	0.011362245	0.009620505	0.036180026	0.01257827	0.057141652	0.013521049	0.002930062	0.012803272	0.007265857	0.027312618	0.001905104	0.004132241	0.001034286																	
PO_Brz_15_12	2015_12	0.930381292	Dmel	0	PO	Poland	Brz	2015/09/28	Y2015	9	28	54.27342	19.620169	97.7	S	40	0.010560092	8.70E-06	0	0.006539063	0	1.03E-05	0	0	0	0	0	0	0	11.12053088	2.88975825	3.218432732	6.353299856	2.628148889	11.12053088	3.208491732	1.498403835	1.728369406	0.03211906	6.422168007	0.614196254	0.004724163	0.039730043																	
BY_Bre_15_13	2015_13	1.436190299	Dser	0	BY	Belarus	Bre	2015/09/11	Y2015	9	11	52.142193	23.662434	138.4	S	40	0.009894555	0	0	0.007426995	0	1.12E-05	0	0	0	0	0	0	0	0.078364325	0.007099526	0.02150312	0.046425473	0.009804329	0.078364325	0.021889092	0.005383438	0.011822118	0.008386315	0.031178038	0.004397776	0.002555072	0.072650129																	
SE_Lun_15_14	2015_14	0.661466249	Dmel	0	SE	Sweden	Lun	2015/08/24	Y2015	8	24	55.694	13.198	28.2	S	40	0.007709571	8.00E-06	0	0	0	4.75E-05	0	0.000402753	0	0	0	0	0	0.015247302	0.000502992	0.002996984	0.006025983	0.001602977	0.015247302	0.00206775	0.001408281	0.006820303	0.010864623	0.007775405	0	0.000868912	0																	
SE_Lun_15_15	2015_15	1.461492794	Dmel	0	SE	Sweden	Lun	2015/08/08	Y2015	8	8	55.694	13.198	28.2	S	40	0.004071761	5.13E-05	0	0.001284861	0.000585977	2.03E-05	0	0	0	0	0	0	0	0.036118089	0.00752278	0.004802476	0.014162502	0.004109869	0.036118089	0.006626875	0.001504453	0.003451294	0	0.027939684	0.001711822	0	0																	
PT_Rec_15_16	2015_16	6.1075477	Dsim	0.623013609	PT	Portugal	Rec	2015/09/01	Y2015	9	1	41.15	-8.41	97	S	40	12.50969941	2.74E-05	0	6.973765789	0	0.000162424	0	0	0	0	1.45E-05	0	0	0.047342882	0.007313292	0.007689689	0.031180731	0.010419431	0.047342882	0.013853124	0.002408919	0.013201449	0.017713223	0.02025248	0.004568262	0.001857886	0																	
UK_She_15_17	2015_17	0.858024798	Dmel	0.001197487	UK	United Kingdom	She	2015/10/04	Y2015	10	4	53.391	-1.521	102.4	F	40	0.012503232	0	0	0	0	0	0	0.000381059	0	0	0	0	0	0.012544381	0	0.002268447	0.006271546	0.000606655	0.012544381	0.00130425	0.002664853	0.002717028	0.012528048	0.005350254	0	0.001644221	0																	
UA_Var_15_18	2015_18	0.583547738	Dmel	0	UA	Ukraine	Var	2015/08/25	Y2015	8	25	50.48469444	32.71425	130.7	S	40	0.009062055	3.77E-05	0	0.004960402	0	2.24E-05	0	0	0	0	0	0	0	0.026169305	0.0026672	0.003531561	0.006035719	0.004533366	0.026169305	0.001624385	0.000829739	0.002537953	0.016403283	0.013327005	0.00125881	0	0.022552556																	
UA_Kha_15_19	2015_19	1.026619312	Dmel	0	UA	Ukraine	Kha	2015/08/20	Y2015	8	20	49.81852778	36.05475	104.3	S	40	2.033813374	8.69E-05	0	0.001360853	0	0	0	0	0	0	6.14E-05	0	0	18.25673211	2.795071915	2.936342366	4.159126665	4.182888538	18.25673211	1.889152946	0.157431109	3.407824251	10.09780625	9.089108675	1.152384733	0	0.003149817																	
UA_Ode_15_20	2015_20	1.763896664	Dmel	0	UA	Ukraine	Ode	2015/06/30	Y2015	6	30	46.44155556	30.77169444	11.1	S	40	0.00464851	7.79E-05	0	0.000731581	0.000222431	1.16E-05	0	0	0	0	0	0	0	0.036694599	0.006730994	0.008750267	0.01869363	0.002340099	0.036694599	0.005869491	0.000856613	0.001310077	0	0.031386927	0.001299581	0	0																	
UA_Pir_15_21	2015_21	1.450438612	Dmel	0	UA	Ukraine	Pir	2015/08/26	Y2015	8	26	50.25375	32.51880556	98.3	S	40	0.009451274	6.90E-05	0	0.001852299	0.000627539	1.17E-05	0	0	0	0	0	0	0	6.709353123	0.594001297	0.680155879	2.897377834	0.938508334	6.709353123	0.819480239	0.489297086	0.728413577	0	0.03744839	0.002632342	0	0																	
UA_Ode_15_22	2015_22	1.922241035	Dsim	0.048282868	UA	Ukraine	Ode	2015/08/27	Y2015	8	27	46.44155556	30.77169444	11.1	S	40	1.280343114	1.95E-05	0	0.004032657	0	2.32E-05	0	0	0	0	4.14E-05	0	0	0.020610919	0.001839815	0.001461627	0.005510375	0.002345312	0.020610919	0.0050422	0.000858522	0.005689648	0.004967501	0.008618315	0.001302477	0	0																	
UA_Yal_15_23	2015_23	2.531138344	Dmel	0.002465941	UA	Ukraine	Yal	2015/06/24	Y2015	6	24	44.5015	34.16611944	47.3	S	40	0.02116518	0.001375795	0	0	0	1.26E-05	0	0.000931984	0	0	0	0	0	0.028283769	0.001995328	0.003566638	0.012350701	0.006782806	0.020599898	0.005468398	0.000465545	0.003797275	0.028283769	0.015889539	0.005297137	0.002872421	0.005751656																	
UA_Cho_15_24	2015_24	1.026568089	Dmel	0	UA	Ukraine	Cho	2015/08/20	Y2015	8	20	51.279245	30.213118	118.6	S	40	0.008972867	1.98E-05	0	0	0	0	0	0.000248654	0	0	0	0	0	3.348738729	0.25371118	0.518082754	1.63732866	0.75530496	3.348738729	0.634044462	0.262139889	0.416643447	2.96646441	2.804320775	1.043376404	0.001072908	0																	
UA_Cho_15_25	2015_25	2.715657724	Dmel	0	UA	Ukraine	Cho	2015/06/15	Y2015	6	15	51.279245	30.213118	118.6	S	40	0.005913218	1.86E-05	0	0.002449046	0	2.21E-05	0	0	0	0	0	0	0	0.025454901	0.004389494	0.009415438	0.010868056	0.003730351	0.025454901	0.005613932	0.000819316	0.004176788	0.006715926	0.010692174	0.000621499	0	0																	
UA_Cho_15_26	2015_26	0.453509658	Dtes	0	UA	Ukraine	Cho	2015/08/26	Y2015	8	26	51.3352	30.136179	116.5	S	40	0.010948982	2.64E-05	0	0	0	0	0	0.298754741	0	0	0	0	0	0.018676274	0.000553371	0.001318864	0.009612833	0.002116236	0.01677446	0.006445421	0.000774666	0.003949168	0.018676274	0.011275969	0.00381959	0.001911884	0																	
UA_Cho_15_27	2015_27	0.296593045	Dmel	0	UA	Ukraine	Cho	2015/08/26	Y2015	8	26	51.38691667	30.07330556	108.8	S	40	0.004298093	1.62E-05	0	0.001215129	0.000343061	1.92E-05	0	0	0	0	0	0	0	0.028464919	0.002540895	0.002119524	0.013089474	0.003239017	0.028464919	0.003481791	0.004268411	0.002901322	0	0.023209702	0.002698198	0	0																	
ES_Tom_15_28	2015_28	0.481914431	Dmel	0	ES	Spain	Tom	2015/10/08	Y2015	10	8	39.15805	-3.021	667.6	F	40	0.004579039	5.13E-05	0	0.001927877	0.758383924	3.65E-05	0	0	0	0	0	0	0	0.023802683	0.002902526	0.004611779	0.02009111	0.004111119	0.023802683	0.006186964	0.001805892	0.00552375	0.000870758	0.022660687	0	0	0																	
ES_Tom_15_29	2015_29	1.747888521	Dsim	0.021360136	ES	Spain	Tom	2015/09/17	Y2015	9	17	39.15805	-3.021	667.6	S	40	0.004396459	8.68E-06	0	0.130493797	0	2.06E-05	0	0	0	0	0.000110412	0	0	0.009350434	0.001091476	0.003902015	0.002615237	0.002087045	0.009350434	0.00149565	0	0.001947347	0.003315358	0.003834631	0	0	0																	
ES_Gim_15_30	2015_30	1.889124221	Dmel	0	ES	Spain	Gim	2015/06/28	Y2015	6	28	41.656416	0.388472	263.2	S	40	0.005980994	0.000131871	0	0.002477117	0	2.24E-05	0	0	0	0	0.130186321	0	0	0.015213934	0.002367896	0.004232602	0.00957422	0.002263864	0.015213934	0.000811183	0	0.007604389	0.002397495	0.013726381	0.001257244	0	0																	
ES_Gim_15_31	2015_31	0.809171576	Dmel	0	ES	Spain	Gim	2015/10/22	Y2015	10	22	41.656416	0.388472	263.2	F	40	1.21287544	0.069368987	0	1.296011929	0	2.47E-05	0	0	0	0	0	0	0	4.148848989	0.25144055	1.183704301	2.705996244	1.010821928	4.148848989	0.650964653	0.413866333	0.850481047	0.006187795	2.94826163	0.43771035	0	0																	
ES_Gua_15_32	2015_32	1.32696774	Dsim	0.021747915	ES	Spain	Gua	2015/09/12	Y2015	9	12	37.3308	-3.173416	862.9	S	40	0.003679844	9.22E-06	0	1.076863679	0.000436147	2.19E-05	0	0	0	0	0	0	0	0.026861977	0.002316939	0.004486643	0.014225758	0.003691909	0.020993824	0.005556081	0.004865238	0.003306997	0	0.026861977	0.001230188	0	0																	
ES_Cor_15_33	2015_33	1.563104932	Dser	0.027274612	ES	Spain	Cor	2015/08/08	Y2015	8	8	37.661547	-2.79631	728.4	S	40	0.005934373	1.86E-05	0	0.561063862	0.000349438	6.63E-05	0	0	0	0	0	0	0	0.025835166	0.004096003	0.006275644	0.024886138	0.004102526	0.025835166	0.008419134	0.003276578	0.00668146	0	0.019735261	0.001242737	0	0																	
FI_Aka_15_34	2015_34	0.382231084	Dmel	0	FI	Finland	Aka	2015/10/01	Y2015	10	1	61.1	23.52	110	F	40	0.00608939	4.89E-05	0	0.001225325	0	0	0	0	0	0	0	0	0	0.016884557	0.002305993	0.003053296	0.001841762	0.004246051	0.016884557	0.001404402	0	0.002194249	0.007609776	0.009361775	0.001632502	0	0.005317734																	
FI_Aka_15_35	2015_35	0.679587006	Dser	0	FI	Finland	Aka	2015/07/21	Y2015	7	21	61.1	23.52	110	S	40	0.004692618	0	0	0.001465967	0	0.00033564	0	0	0	0	0	0	0	0.003232084	0	0.001826468	0.001468978	0.000781529	0.003232084	0	0	0.001750119	0	0.001723129	0	0	0.002120696																	
RU_val_15_36	2015_36	1.908957424	Dmel	0	RU	Russia	Val	2015/08/23	Y2015	8	23	58.024	33.23528	226.4	S	40	0.004377154	0	0	0.001330819	0	0.000273177	0	0	0.000244473	0	0	0	0	0.002934118	0	0.000663234	0.001333553	0	0.002934118	0	0	0.000794388	0	0.001564274	0	0	0																	
RU_tul_15_37	2015_37	6.62739688	Dmel	0.001249161	RU	Russia	Tul	2015/09/20	Y2015	9	20	53.99778	38.13167	243	S	40	0.00470394	0	0	0	0	0.000398885	0	0	0.000226373	0	0	0	0	0.002037662	0	0	0.001543525	0.000656951	0.002037662	0	0	0	0	0.001810573	0	0	0																	
RU_val_15_38	2015_38	6.216386568	Dmel	0	RU	Russia	Val	2015/10/05	Y2015	10	5	58.024	33.23528	226.4	F	40	0.006301714	1.72E-05	0	0.001933204	0	0	0	0	0	0	0.000145396	0	0	0.016338524	0.00323394	0.001605737	0.004197213	0.002748319	0.016338524	0.002215735	0	0.003077229	0.007276365	0.00454466	0.000286179	0	0																	
CH_Cha_15_39	2015_39	0.986619606	Dser	0	CH	Switzerland	Cha	2015/08/01	Y2015	8	1	46.5670416	6.701867	869.9	S	40	2.588792648	0	0	0.003416629	0	0.000515508	0	0	0	0	0	0	0	0.005021865	0	0.000756769	0.002662837	0.000809536	0.005021865	0	0	0.000906418	0	0.00089244	0	0	0																	
FR_Vil_15_40	2015_40	0.714402209	Dmel	0	FR	France	Vil	2015/08/10	Y2015	8	10	48.754	2.158	153.4	S	40	0.00556997	0.000107712	0	0.005603025	2.70E-05	0.000314566	0	0	0	0	0	0	0	0.013382683	0	0.000620523	0.002495349	0.00199137	0.013382683	0	0	0.002229691	0	0.006585917	0	0	0.007204839																	
FR_Vil_15_41	2015_41	0.124385308	Dmel	0.000866179	FR	France	Vil	2015/10/14	Y2015	10	14	48.754	2.158	153.4	F	40	0.117908372	0	0	0.002744228	0	0.000249155	0	0	0	0	0	0	0	6.587291583	0.105871938	0.687916971	1.698729323	1.32144434	6.587291583	0.45606672	0	1.617598537	0.102256799	4.490876674	0.000304678	0	0																	
UK_Mar_15_42	2015_42	0.593027047	Dmel	0.000579295	UK	United Kingdom	Mar	2015/07/07	Y2015	7	7	52.4608	-0.959	109.5	S	40	0.006479878	5.48E-05	0	0.005832742	0	0.000281714	0	0	0	0	0	0	0	0.003782268	0	0	0.000687615	0.000731652	0.003782268	0	0	0.000819214	0	0.00322632	0	0	0																	
IT_Mez_15_43	2015_43	1.554483065	Dsim	0.324463502	IT	Italy	Mez	2015/09/29	Y2015	9	29	46.212856	11.08755	250.8	S	40	2.899137333	8.44E-06	0	3.237933903	0	0.000350424	0	0	0	0	0	0	0	0.004892955	0	0	0	0.000676076	0.004892955	0	0	0.000756986	0	0.003353906	0	0	0.01559365																	
IT_Mez_15_44	2015_44	2.884027902	Dser	0.559202836	IT	Italy	Mez	2015/10/10	Y2015	10	10	46.217939	11.123423	218.1	F	40	2.317449667	0	0	1.280991698	0.00489167	0.00018291	7.14E-06	0	0	0	0	0	0	0.00425661	0	0.000641449	0.000322437	0	0.00425661	0	0	0.001536588	0.000726678	0.003025783	0	0	0																	
DE_Mun_15_46	2015_45	1.347115365	Dmel	0	DE	Germany	Mun	2015/09/01	Y2015	9	1	48.18	11.61	502	S	40	0.008831042	9.18E-06	0	0.007586712	0	1.09E-05	0	0	0	0	0	0	0	0.074890321	0.005480357	0.014092649	0.037665928	0.012133765	0.074890321	0.025691205	0.003230304	0.018526223	0.015575751	0.039318449	0.003369263	0.003986211	0.005986409																	
DE_Mun_15_45	2015_46	2.390179621	Dmel	0	DE	Germany	Mun	2015/06/01	Y2015	6	1	48.18	11.61	502	S	40	2.99670495	0	0	0	0	4.72E-05	0	0	0	0	0	0	0	0.011131175	0.002502436	0.003354819	0.007120222	0.002392493	0.011131175	0.003857726	0.000437896	0.00133941	0.008868008	0.005275015	0.000664339	0.001621098	0																	
FR_Got_15_47	2015_47	1.115305309	Dsim	0.023280494	FR	France	Got	2015/05/21	Y2015	5	21	44.977	4.93	179.6	S	40	0.004895099	0.061484711	0	0.001026323	0.00041606	2.16E-05	0	0	0	0	0	0	0	0.2663638	0.022605511	0.078768535	0.2663638	0.023709752	0.145572313	0.030976349	0.004005765	0.029814618	0	0.103747194	0.014281443	0	0																	
FR_Got_15_48	2015_48	0.700028687	Dser	0.065879386	FR	France	Got	2015/09/09	Y2015	9	9	44.977	4.93	179.6	S	40	1.496313413	9.39E-06	0	0.001763495	0	4.46E-05	0	0.000354321	0	0	0	0	0	12.87760652	0.249278732	1.559106175	5.771052857	1.368475384	8.15520208	2.263366485	0.632682078	2.036263434	12.87760652	2.688486848	0.320472773	2.728487456	0																	
FR_Got_15_49	2015_49	0.490559868	Dmel	0.004178696	FR	France	Got	2015/10/13	Y2015	10	13	44.977	4.93	179.6	F	40	5.521972551	3.93E-05	0	0.009221309	0	2.33E-05	0	0	0	0	4.16E-05	0	0	137.1322114	16.30781533	23.66319696	79.40813497	31.88370551	137.1322114	50.24404732	7.099439589	35.11202581	42.51672273	78.62036981	9.180428609	8.674936072	0																	
AT_Mau_15_50	2015_50	2.173237954	Dpha	0.001034391	AT	Austria	Mau	2015/07/20	Y2015	7	20	48.375	15.56	320	S	40	2.246447519	7.11E-06	0	0.001603699	0	0.735463484	0	0	0.118233366	0	0	0	0	0.002357166	0	0	0.001606994	0	0.002357166	0	0	0	0	0.000628341	0	0	0																	
AT_Mau_15_51	2015_51	1.096054712	Dmel	0	AT	Austria	Mau	2015/10/19	Y2015	10	19	48.375	15.56	320	F	40	0.931359968	0.000205956	0	0	0	0.000422916	0	0	0.000218676	0	0	0	0	0	0	0	0	0	0	0	0	0	0	0	0	0	0																	
UK_Dai_15_52	2015_52	2.123350556	Dmel	0	UK	United Kingdom	Dai	2015/08/19	Y2015	8	19	56.344534	-2.952766	51.7	S	40	0.000483492	0	0	0	0	4.50E-05	0	0	0	0	0	0	0	0.02419034	0.002383675	0.002840538	0.011422836	0.009723517	0.02419034	0.008492513	0.000333692	0.005443599	0.008366698	0.018758774	0.000506249	0	0																	
DE_Bro_15_53	2015_53	1.096174872	Dmel	0.000590949	DE	Germany	Bro	2015/06/30	Y2015	6	30	48.218	7.82	197	S	40	6.29E-05	7.47E-06	0	0	0	2.66E-05	0	0	0	0	0	0	0	0.001856707	0	0	0	0	0.001856707	0	0	0	0	0.000659914	0	0	0.016243433																	
DE_Bro_15_54	2015_54	0.310937127	Dmel	0	DE	Germany	Bro	2015/10/25	Y2015	10	25	48.218	7.82	197	F	40	0.719143906	7.14E-05	0	0	0	8.47E-06	0	0	0	0	0	0	0	0.080750419	0.005386996	0.016851148	0.050554544	0.032046444	0.047628348	0.019069662	0.003142199	0.027872364	0.004545278	0.080750419	0.000476708	0	0																	
RU_Ale_15_55	2015_55	9.08607174	Dser	0	RU	Russia	Ale	2015/09/15	Y2015	9	15	56.41472	38.71611	187	S	40	0.005079487	1.96E-05	0	0	0	0.000209284	0	0	0	0	0	0	0	0.005193097	0	0.002201814	0.002213574	0	0.000811727	0	0	0	0.00249437	0.005193097	0	0	0																	
UA_Yal_15_63	2015_63	8.000527493	Dmel	0	UA	Ukraine	Yal	2015/08/24	Y2015	8	24	44.5015	34.16611944	47.3	S	40	10.26431888	7.60E-06	0	0.000571236	0	9.02E-06	0	0	0	0	0	0	0	0.007727525	0.001433379	0.000569368	0.007727525	0.001218137	0.004093147	0.00196416	0.001003296	0.00068196	0.001290041	0.00235005	0.001268431	0	0.013221772																	
UA_Kyi_15_64	2015_64	4.578426702	Dmel	0	UA	Ukraine	Kyi	2015/08/10	Y2015	8	10	50.383374	30.368038	175.9	S	40	0.01267615	3.86E-05	0	0.000966446	0	0	0	0	0	0	0	0	0	2.440916268	0.143887037	0.127394564	0.727775779	0.502088104	1.911564086	0.412890809	0.477542873	0.473335862	2.440916268	0.004543924	0.000429199	0	0																	
UA_Cho_15_65	2015_65	2.501740958	Dmel	0	UA	Ukraine	Cho	2015/08/26	Y2015	8	26	51.37330556	30.13830556	112	S	40	0.020346242	1.94E-05	0.000472269	0	0	0	1.08E-05	0	0	0	0	0	0	0.01194376	0.001831136	0.002909463	0.01194376	0.002593609	0.011798722	0.004182011	0.001993767	0.001742402	0.000824011	0.009149502	0.000864221	0	0.029558833																	
UA_Ode_15_66	2015_66	9.187014125	Dmel	0	UA	Ukraine	Ode	2015/07/26	Y2015	7	26	46.44155556	30.77169444	11.1	S	40	0.015236376	0	0	0.007768255	0	1.12E-05	0	0	0	0	0	0	0	0.029583046	0.008564915	0.00739091	0.026890916	0.01091816	0.029583046	0.00728473	0.00041345	0.004215453	0.002790981	0.027392925	0.002509008	0	0																	
UA_Cho_15_67	2015_67	3.831774805	Dmel	0	UA	Ukraine	Cho	2015/08/26	Y2015	8	26	51.279245	30.213118	118.6	S	40	0.006049351	0	0.000537196	0	0	0	0	0	0	0	0	0	0	3.258350283	0.055774846	0.20932286	1.54656006	0.303572989	1.143817778	0.746840983	0.010043412	0.354768269	3.258350283	0.92950767	0.123862219	0	0																	
UA_Cho_15_68	2015_68	2.762799784	Dmel	0	UA	Ukraine	Cho	2015/08/26	Y2015	8	26	51.27888889	29.39438889	127	S	40	0.006668817	7.20E-06	0	0.000811686	0	0	0	0	0	0	0	0	0	0.005368687	0.000452607	0.000809033	0.002982297	0.001153925	0.005368687	0.001240416	0.001267213	0.000323006	0.001833059	0.002544197	0.002162822	0	0																	
UA_Cho_15_69	2015_69	3.44494389	Dmel	0	UA	Ukraine	Cho	2015/08/26	Y2015	8	26	51.27263889	30.22136111	127	S	40	0.00767594	0	0	0.003439045	0	0	0	0	0	0	0	0	0	3.963339205	0.206583929	0.349324145	3.963339205	0.324012768	1.552631802	0.853546321	0.348867564	0.338529003	2.283353863	1.903568985	1.289025666	0	0																	
UA_Cho_15_70	2015_70	8.266131616	Dmel	0	UA	Ukraine	Cho	2015/07/07	Y2015	7	7	51.279245	30.213118	118.6	S	40	0.013703416	8.13E-06	0	0.002442754	0	1.93E-05	0	0	0	0	0	0	0	2.078706318	0.240072236	0.209085719	1.312311926	0.68076079	1.731823797	0.576049509	0.435828914	0.802330458	2.078706318	1.918364866	0.187404113	0	0.020318978																	
AT_See_16_1	2016_01	6.69202563	Dmel	0	AT	Austria	See	2016/08/01	2016	8	1	46.8136889	13.50794792	591.7	S	40	34.38417668	0.006312311	0	0.001065029	0	2.24E-05	0	0	0	0	0	0	0	0.010566531	0.001484685	0.003184641	0.008181995	0.000378522	0.010566531	0.003255145	0.00124705	0.000423822	0	0.005007433	0.00063064	0	0																	
DK_Kar_16_2	2016_02	2.456321142	Dmel	0	DK	Denmark	Kar	2016/06/08	2016	6	8	55.945128	10.212586	16	S	40	0.021243496	3.24E-05	0	0	0	0	0	0	0	0.001538585	0	0	0	0.064630298	0.012412084	0.012366266	0.041197278	0.013487909	0.064630298	0.010316503	0.007406047	0.011907426	0.003296324	0.026592994	0.000864295	0	0																	
DK_Kar_16_3	2016_03	3.501497689	Dmel	0.001461163	DK	Denmark	Kar	2016/09/15	2016	9	15	55.945128	10.212586	16	S	40	0.007956187	8.32E-06	0	0.0037517	0	0	0	0	0	0	0	0	0	0.034147942	0.004445494	0.004985912	0.034147942	0.004333521	0.027571813	0.00573333	0.00585719	0.007464836	0.005295368	0.016904345	0.007775281	0	0																	
DK_Kar_16_4	2016_04	1.662157195	Dmel	0	DK	Denmark	Kar	2016/11/22	2016	11	22	55.945128	10.212586	16	F	40	0.007975107	0.015425639	4.3613521	0.001648382	0	0	0	0	0	0.072646183	0	0	0	0.026737793	0.004924069	0.003990126	0.023596687	0.008285609	0.026737793	0.004318371	0.006066037	0.007590441	0.006913392	0.024357695	0.002719033	0	0.044285076																	
FI_Aka_16_5	2016_05	7.521550638	Dmel	0	FI	Finland	Aka	2016/07/24	2016	7	24	61.1	23.52	110	S	40	0.008972169	0	0	0.007463323	0	0	0	0	0	0.000291372	0	0	0	1.250102372	0.281951594	0.277719792	0.769470432	0.6370513	1.250102372	0.354993586	0.001941969	0.458862847	0.004681853	1.172597732	0.1484144	0	0																	
FI_Aka_16_6	2016_06	6.524493363	Dmel	0.001502942	FI	Finland	Aka	2016/09/17	2016	9	17	61.1	23.52	110	S	40	0.028173935	1.60E-05	0.002920034	0.00300803	0	1.90E-05	0	0	0	0	0	0	0	1.014281385	0.077995246	0.206275871	1.014281385	0.185058344	0.437044935	0.525076087	0.006692036	0.24167997	0.032946702	0.72269783	0.100991594	0	0.00174059																	
FI_Ves_16_7	2016_07	6.849670014	Dmel	0	FI	Finland	Ves	2016/07/29	2016	7	29	62.55	26.24	105	S	40	0.003536391	0	0	0.000988603	0	7.81E-06	0	0	0	0	0	0	0	0.008420383	0.000826887	0.001231713	0.008420383	0.001844635	0.007356208	0.001133083	0	0.000885169	0.001116297	0.004357593	0.002634233	0	0.017161577																	
FR_Got_16_8	2016_08	3.730721885	Dmel	0.001717464	FR	France	Got	2016/06/13	2016	6	13	44.976813	4.930005	178	S	40	0.111954978	0.021043457	0	0.000338868	0	0	0	0	0	0	0	0	0	0.007809975	0.003117795	0.001013281	0.007809975	0.002890489	0.00709762	0.005825887	0.002777481	0.002831862	0.003826385	0.005974693	0	0	0																	
FR_Vil_16_9	2016_09	3.354417169	Dmel	0	FR	France	Vil	2016/08/12	2016	8	12	48.7543324	2.1584108	154.4	S	40	0.014911894	0.00014276	0	0.002298579	0	0	0	0	0	0	0	0	0	0.007293786	0.002243006	0.002291064	0.007293786	0.002042344	0.006334728	0.00087817	0	0.001829412	0	0.004503	0	0	0																	
DE_Bro_16_10	2016_10	4.823983031	Dmel	0	DE	Germany	Bro	2016/07/24	2016	7	24	48.218024	7.819513	203.3	S	40	0.01019973	0.000869454	0	0.000640478	0	0	0	0	0	0	0	0	0.000653883	0.011649761	0.002142835	0	0.003529868	0	0.011649761	0.002936329	0.001124911	0	0.001446414	0.002634913	0	0	0																	
DE_Bro_16_11	2016_11	3.821144712	Dmel	0	DE	Germany	Bro	2016/10/23	2016	10	23	48.218024	7.819513	203.3	F	40	1.421093486	4.81E-05	0	0.000300888	0	9.50E-06	0	0	0	0	0	0	0	0.016584512	0.002265014	0.001499519	0.009045169	0.001283261	0.016584512	0	0.000352311	0.002873675	0.002038513	0.009195413	0.000534497	0	0																	
DE_Mun_16_12	2016_12	8.37347229	Dmel	0	DE	Germany	Mun	2016/06/25	2016	6	25	48.18	11.61	502	S	40	0.004832493	0	0	0.000609965	0	1.93E-05	0	0	0	0	0	0	0	11.59838339	5.155948752	9.10071757	5.405307732	0.511510369	11.59838339	0.222666371	0.093204753	0.377569767	0.000344376	9.570424081	0.499784358	0	0																	
DE_Mun_16_13	2016_13	8.417485535	Dmel	0	DE	Germany	Mun	2016/09/01	2016	9	1	48.18	11.61	502	S	40	0.007773053	1.44E-05	0.000524417	0.001080441	0	1.71E-05	0	0	0	0	0	0	0	0.018134556	0.003388882	0.008884494	0.018134556	0.005183989	0.014888105	0.003405444	0.000632548	0.003869596	0.005489989	0.010159787	0.000719736	0	0.021881806																	
HU_Sze_16_14	2016_14	8.275033294	Dsim	0.031153464	HU	Hungary	Sze	2016/08/28	2016	8	28	46.25	20.13	78	S	40	33.82884097	9.85E-06	0.000718819	0	0	5.85E-05	0	0	0	0	0	0	0	2.244556007	0.385856809	0.225477332	2.244556007	0.197775399	1.481967281	0.244425496	0.224128415	0.173265999	1.06104429	0.81597869	0.061494563	0	0																	
IT_Tre_16_15	2016_15	22.39324825	Dsim	0.398966721	IT	Italy	Tre	2016/08/24	2016	8	24	46.2	11.13333	206	S	40	1.735020153	1.52E-05	0	0	0	9.01E-06	0	0	0	0	0	0	0	0.007147478	0.000715924	0.002559422	0.007147478	0.000912628	0.00691947	0.003270106	0.00066815	0	0.003865992	0.00536581	0.000506831	0	0.028066274																	
PO_Gda_16_16	2016_16	9.530285711	Dmel	0	PO	Poland	Gda	2016/08/01	2016	8	1	54.35	18.64	19	S	40	0.0105728	0	0	0	0	0	0	0	0	0	0	0	0	0.024773294	0.001654272	0.005914004	0.024773294	0.005271974	0.021802738	0.006044932	0.002315821	0.004722326	0.005955378	0.015498332	0.000585562	0	0.131611726																	
PO_Brz_16_17	2016_17	9.659666949	Dmel	0.001363419	PO	Poland	Brz	2016/08/08	2016	8	8	54.27342	19.620169	97.7	S	40	0.016668897	0	0	0.000535459	0	8.45E-06	0	0	0	0	0	0	0	0.010624958	0.001791474	0.002401688	0.008584943	0.003140072	0.010624958	0.001227429	0.002507891	0.001917745	0.000604622	0.006608596	0.002140178	0	0.137879737																	
PT_Rec_16_18	2016_18	5.823821953	Dsim	0.117259238	PT	Portugal	Rec	2016/10/01	2016	10	1	41.15	-8.41	97	F	40	13.00775266	1.67E-05	0	0.000627048	0	3.30E-05	0	0	0	0	0	0	0	1.287780577	0.117832046	0.184582614	0.251753162	0.32537396	1.287780577	0.487031213	0.330396577	0.47011442	0.004248247	1.08026276	0.001485185	0	0.000604733																	
RU_Val_16_19	2016_19	7.243472274	Dmel	0	RU	Russia	Val	2016/08/23	2016	8	23	58.02444	33.235277	227	S	40	0.005642129	0	0	0.000652812	0	1.03E-05	0	0	0	0	0	0	0	9.063292473	1.321107462	1.868096307	9.063292473	0.826208493	7.759184644	0.550688782	0.354673507	1.110571531	0	6.627425542	0.525034643	0	0.074605279																	
RU_Val_16_20	2016_20	3.477742671	Dmel	0	RU	Russia	Val	2016/09/29	2016	9	29	58.02444	33.235277	227	S	40	0.012515059	0	0	0	0	0	0	0	0	0	0	0	0	125.7008659	31.56630795	30.10477077	115.3696074	27.55834364	125.7008659	40.58820892	12.62999385	22.16071352	0.000672971	106.5945694	6.407875833	0	0																	
RU_Val_16_21	2016_21	3.256815132	Dmel	0	RU	Russia	Val	2016/10/24	2016	10	24	58.02444	33.235277	227	F	40	0.005142466	0	0	0.001581644	0	7.14E-06	0	0	0	0	0	0	0	0.011320668	0.004913698	0.004053789	0.011320668	0.00192731	0.00846873	0.001294855	0.000529131	0.002157964	0.00357188	0.006374054	0.00120413	0	0																	
RU_Ale_16_22	2016_22	8.250962301	Dmel	0	RU	Russia	Ale	2016/10/15	2016	10	15	56.41472	38.71611	187	F	40	0.004207417	8.99E-06	0	0.000675779	0	0	0	0	0	0	0	0	0	12.87126295	2.128958469	4.340822186	12.87126295	0.744313603	9.105656642	0.56076859	0.226700299	1.160534985	0.001526135	7.544108722	11.17894519	0	0																	
UK_Dai_16_23	2016_23	2.645914179	Dmel	0	UK	United Kingdom	Dai	2016/08/06	2016	8	6	56.3447	-2.9525	51.1	S	40	0.005486541	1.68E-05	0.000613966	0.000632468	0	0	7.01E-06	0	0	0	0	0	0	0.009506503	0.001058017	0.0018912	0.009506503	0.002360245	0.002091646	0.001449801	0.000740561	0.001510121	0.007498695	0.002230249	0.000842638	0	0.021958557																	
RS_Kal_16_28	2016_28	3.845843925	Dmel	0	RS	Serbia	Kal	2016/06/30	2016	6	30	43.4	22.42	431	S	40	0.022780093	3.81E-05	0	0	0	0	1.27E-05	0	0	0	0	0	0	0.011053745	0.000239628	0.003712223	0.0074641	0.001221866	0.011053745	0.001641811	0	0.001368095	0.004528965	0.005724736	0	0	0																	
RS_Kal_16_29	2016_29	5.735302235	Dmel	0	RS	Serbia	Kal	2016/09/13	2016	9	13	43.4	22.42	431	S	40	18.93395036	7.45E-06	0	0.01650891	0	0.000203238	0	0	0	0	0	0	0	1.214528787	0.092211882	0.167338344	0.932286211	0.194520187	0.471014138	0.465985256	0.132036487	0.240181033	1.214528787	0.561427401	0.08201468	0	0.01942951																	
RS_Sla_16_30	2016_30	6.819910893	Dmel	0	RS	Serbia	Sla	2016/06/18	2016	6	18	45.15	20.18	130	S	40	0.00471571	0.000117303	0	0	0	0	5.59E-05	0	0	0	0	0	0	0.007030036	0.00105316	0.001882519	0.004731433	0.00100689	0.005899126	0.001443147	0	0.000375797	0.00213265	0.007030036	0.00167754	0	0																	
RS_Sla_16_31	2016_31	3.864656211	Dmel	0	RS	Serbia	Sla	2016/09/09	2016	9	9	45.15	20.18	130	S	40	0.31666856	0	0	0.001894907	0	9.97E-06	0	0	0	0	0	0.000183204	0	0.006012866	0.00211325	0.000629571	0.006012866	0.001346937	0.004874087	0.002533815	0	0.001508135	0.002852888	0.003340973	0.001963568	0	0																	
ES_Ben_16_32	2016_32	6.899773518	Dsim	0.027594387	ES	Spain	Ben	2016/10/08	2016	10	8	37.353733	-3.167179	855.5	F	40	0.008499865	0.000400612	0	14.52126223	0	0	0	0	0	0	0	0	0	0.007899811	0.002997278	0.001071524	0.007899811	0.002292476	0.005925467	0.002053586	0	0.001283416	0.000404633	0.002948455	0.001591417	0	0																	
ES_Gim_16_33	2016_33	17.52309294	Dsim	0.746212158	ES	Spain	Gim	2016/08/25	2016	8	25	41.656416	0.388472	263.2	S	40	0.004750283	0	0	2.853348417	0	7.90E-06	0	0	0	0	0	0	0	0.012538194	0.002093139	0.00149659	0.012538194	0.00213459	0.004965635	0.004302345	0.000879058	0.000597513	0.001695443	0.005000534	0.002444994	0	0																	
ES_Gim_16_34	2016_34	5.335078713	Dmel	0	ES	Spain	Gim	2016/10/21	2016	10	21	41.656416	0.388472	263.2	F	40	28.88002321	0.000278873	0	0.000698464	0	2.21E-05	0	0	0	0	0	0	0	0.056691823	0.013728918	0.013227434	0.056691823	0.009681401	0.052357827	0.025217087	0.011040798	0.015843138	0	0.049669896	0.004342637	0	0																	
ES_Pur_16_35	2016_35	7.67939541	Dsim	0.273897347	ES	Spain	Pur	2016/08/30	2016	8	30	37.3377875	-3.1786148	851.1	S	40	0.030595487	0	0	7.815671948	0	2.82E-05	0	0	0	0	0	0	0	8.555946884	1.352357174	1.817120372	8.555946884	1.007342937	5.178867292	0.360721045	0.463085134	0.427320598	0.002019188	7.392387158	0.451603896	0	0																	
ES_Tom_16_36	2016_36	7.548368571	Dsim	0.041794147	ES	Spain	Tom	2016/09/02	2016	9	2	39.152529	-3.0616048	664.3	S	40	0.012519508	0	0	0.001230672	6.41E-05	0	0	0	0	0	0	0	0	0.054754087	0.007823124	0.004415935	0.054754087	0.003674101	0.035273147	0.005924229	0.002017404	0.003819963	0.024735483	0.02517012	0.001748935	0	0																	
ES_Tom_16_37	2016_37	5.433012077	Dmel	0	ES	Spain	Tom	2016/10/11	2016	10	11	39.152529	-3.0616048	664.3	F	40	0.005661381	1.68E-05	0	0.000631645	0.000246917	9.97E-06	0	0	0	0	0	0	0	0.007311241	0.001056641	0.001573951	0.005696486	0.000336739	0.007311241	0.001447916	0.000369799	0.001508158	0	0.004825923	0.001683084	0	0																	
CH_Cha_16_38	2016_38	3.995747932	Dmel	0	CH	Switzerland	Cha	2016/08/15	2016	8	15	46.5670416	6.701867	869.9	S	40	0.004407655	1.73E-05	0	0.000651038	0	0	0	0	0	0	0	0	0	0.022965966	0.003539516	0.004217911	0.010111815	0.005900324	0.022965966	0.000746185	0	0.003108921	0.00147026	0.009182928	0.001445631	0	0																	
TR_Yes_16_39	2016_39	5.538881773	Dmel	0	TR	Turkey	Yes	2016/05/26	2016	5	26	40.231444	32.260328	704	S	40	0.009843113	0	0.000595812	0.783167025	0	0	0	0	0	0	0	0	0	0.006492918	0	0.000611761	0.003690168	0.002290459	0.005412803	0.002110402	0	0.000366368	0	0.006492918	0.000545149	0	0																	
TR_Yes_16_40	2016_40	9.050393353	Dmel	0	TR	Turkey	Yes	2016/06/25	2016	6	25	40.231444	32.260328	704	S	40	0.008209248	0	0	0.000641942	0	0	7.12E-06	0	0	0	0	0	0	0.012737863	0.003221596	0.001919529	0.010613796	0.003422286	0.012737863	0.001839398	0.002254963	0.003065484	0.000724859	0.006413693	0.001140346	0	0																	
TR_Yes_16_41	2016_41	14.3758883	Dsim	0.027521886	TR	Turkey	Yes	2016/07/27	2016	7	27	40.231444	32.260328	704	S	40	0.010378108	0.000167976	0.000510505	0	0	8.30E-06	0	0	0	0	0	0	0	2.555488582	0.675411094	0.630576159	1.966122458	0.374559872	2.296583655	0.700692109	0.417182342	0.481540574	2.555488582	0.039251975	0.007006427	0	0																	
TR_Yes_16_42	2016_42	22.87463404	Dmel	0	TR	Turkey	Yes	2016/08/24	2016	8	24	40.231444	32.260328	704	S	40	11.74307722	1.73E-05	0	0.379773727	0	1.03E-05	0	0	0	0	0	0	0	0.00966947	0.000543456	0.001942851	0.007161835	0.00207832	0.00966947	0.002606445	0.001521573	0.000775682	0.001467332	0.00305488	0.001154202	0	0.001879856																	
TR_Yes_16_43	2016_43	9.888418837	Dmel	0	TR	Turkey	Yes	2016/09/27	2016	9	27	40.231444	32.260328	704	S	40	0.732110315	0	0.000500275	0.001030702	0	0	0	0	0	0	0	0	0	0.009657852	0.00043105	0.001540998	0.008520759	0.00219793	0.009657852	0.000886002	0.001206856	0.001230486	0.000290959	0.003937406	0.000686603	0	0																	
UA_Kyi_16_44	2016_44	3.876733289	Dmel	0	UA	Ukraine	Kyi	2016/08/04	2016	8	4	50.3834	30.3682	176.4	S	40	0.017081774	0	0	0	0	0	0	0	0	0	0	0	0	0.034045188	0.006457903	0.003551836	0.025590782	0.008232238	0.034045188	0.00680713	0.006954188	0.009217447	0.000670628	0.015009148	0.001055031	0	0																	
UA_Kyi_16_45	2016_45	2.104219462	Dmel	0	UA	Ukraine	Kyi	2016/10/03	2016	10	3	50.38	30.36	176	F	40	0.009696197	9.53E-06	0	0.000716094	0	1.13E-05	0	0	0	0	0	0	0	0.007499325	0.001497388	0.001784382	0.00430539	0.001527041	0.007499325	0.001231123	0.00167696	0	0	0.005891987	0.001272071	0	0																	
UA_Ode_16_46	2016_46	16.37074208	Dsim	0.086578068	UA	Ukraine	Ode	2016/08/20	2016	8	20	46.44	30.77	45	S	40	5.511447522	1.52E-05	0	0.004275709	0	4.50E-05	0	0	0	0	0	0	0	0.042197039	0.004529964	0.005966422	0.014852906	0.027049396	0.030165923	0.022869416	0.014018085	0.042197039	0.001287463	0.037525681	0.00683584	0	0.018143613																	
UA_Ode_16_47	2016_47	6.5535258	Dsim	0.03311723	UA	Ukraine	Ode	2016/09/15	2016	9	15	46.44155556	30.77169444	11.1	S	40	19.58056513	0	0	0.000679275	0	1.07E-05	0	0	0	0	0	0.039404253	0	0.048298528	0.015340295	0.010494341	0.034714192	0.005794105	0.048298528	0.017517348	0.003976841	0.007703937	0.002301044	0.042716252	0.002413331	0	0																	
UA_Pyr_16_48	2016_48	3.031025834	Dsim	0.031287121	UA	Ukraine	Pyr	2016/09/03	2016	9	3	51.4	30.05416645	113	S	40	0.975387233	1.56E-05	0.000569374	0.788006498	0	8.34E-05	0	0	0	0	0	0	0	20.56904708	3.695104459	3.555628471	20.56904708	1.918035327	12.36708959	1.285682548	0.675786882	1.382937846	9.146266594	8.301688194	0.766330425	0	0																	
UA_Pyr_16_49	2016_49	7.301473359	Dmel	0	UA	Ukraine	Pyr	2016/09/23	2016	9	23	50.53752	32.51880556	170.6	S	40	7.243377488	1.19E-05	0	0.000672825	0	1.42E-05	0	0	0	0	0	0	0	1.742757296	0.503673902	0.306252242	1.585285765	0.592082488	1.742757296	0.500737374	0.386554932	0.301215166	0.000253244	1.212114215	0.1235048	0	0.029199648																	
UA_Uma_16_50	2016_50	2.219350785	Dmel	0	UA	Ukraine	Uma	2016/09/17	2016	9	17	48.75	30.2	175	S	40	1.795698462	2.40E-05	0	0.000900779	0	1.42E-05	0	0	0	0	0	0	0	0.04269875	0.022602877	0.028730686	0.030689395	0.004802185	0.04269875	0.003097274	0.003164186	0.002150758	0.006102777	0.03176385	0.000800073	0	0																	
UA_Uma_16_51	2016_51	3.678408892	Dmel	0	UA	Ukraine	Uma	2016/09/11	2016	9	11	48.76	30.17	211	S	40	0.9800048	0.000288934	0.000421495	0	0	1.37E-05	0	0	0	0	0	0	0	2.584213019	0.370797233	0.705859483	1.508017031	1.017571295	2.584213019	0.779822272	0.389945898	0.516284675	0.001961122	0.031132213	0.006170462	0	0																	
TR_Yes_16_52	2016_52	5.293867209	Dmel	0.000931627	TR	Turkey	Yes	2016/10/13	2016	10	13	40.231444	32.260328	704	F	40	5.781362821	2.02E-05	0	0.006466199	0	0	0	0	0	0	0	0	0	21.55598193	4.575235999	3.448106476	16.9331731	4.339043648	21.55598193	6.12340486	6.145239377	3.752159748	0	0.006259244	0.001351361	0	0																	
UK_Mar_16_53	2016_53	5.630214583	Dmel	0.000589902	UK	United Kingdom	Mar	2016/10/23	2016	10	23	52.46	-0.959	105	F	40	0.011612142	0.000428358	0.000433949	0.00223513	0	0	0	0	0	0	0	0	0	0.036955403	0.011590942	0.009802419	0.036955403	0.002859794	0.033509674	0.004867395	0.003402269	0.004269394	0.01918114	0.019178707	0.001985245	0	0																	
UA_Cho_16_54	2016_54	7.529972077	Dmel	0	UA	Ukraine	Cho	2016/09/04	2016	9	4	51.27	30.21	129	S	40	0.169967273	3.08E-05	0.005059694	0.00115826	0	9.14E-06	0	0	0	0	0	0	0	0.027855339	0.006297144	0.007215457	0.027855339	0.007101082	0.022344598	0.005310142	0.006442021	0.004493997	0.012097782	0.012593354	0.002829111	0	0																	
UA_Cho_16_55	2016_55	4.88913803	Dmel	0	UA	Ukraine	Cho	2016/09/05	2016	9	5	51.37	30.13	111	S	40	3.428435226	0	0.001347389	0.000462664	0	0	0	0	0	0	0	0	0	9.107583054	1.81455708	2.796885948	4.986873235	1.544295929	9.107583054	1.240062778	0.247573896	1.392182775	0.000522425	6.148766587	0.385666277	0	0																	
UA_Dro_16_56	2016_56	3.521588529	Dmel	0	UA	Ukraine	Dro	2016/09/12	2016	9	12	49.32991667	23.50280556	310.9	S	40	0.763620407	0	0.001816396	0.000623711	0	9.85E-06	2.77E-05	0	0	0	0	0	0	26.09985957	5.002169445	5.38461165	20.11818989	6.468641152	26.09985957	6.12638724	3.640584694	5.855586278	1.997672462	1.841972812	4.241277006	0	0																	
UA_Kan_16_57	2016_57	8.367980068	Dmel	0	UA	Ukraine	Kan	2016/07/08	2016	7	8	49.72	31.53	208	S	40	0.012583724	0	0.000267611	0.001654055	0	1.74E-05	0	0	0	0	0	0	0.016886729	30.03874936	4.533216018	5.763120697	22.39522226	8.13226249	30.03874936	3.471190047	4.311839533	6.450899602	4.668013479	13.09005388	1.053858131	0	0																	
UA_Kha_16_58	2016_58	6.732762702	Dmel	0	UA	Ukraine	Kha	2016/08/18	2016	8	18	49.81852778	36.05475	104.3	S	40	0.004836016	0	0	0	0	9.90E-06	0	0	0	0	0	0	0	0.136136447	0.036703036	0.029054302	0.121863212	0.026067235	0.136136447	0.045624022	0.015414218	0.019083731	0.001061766	0.104631321	0.015311708	0	0.010882161																	
UA_Kyi_16_59	2016_59	5.171860809	Dmel	0	UA	Ukraine	Kyi	2016/08/06	2016	8	6	50.38	30.36	176	S	40	0.004595981	0	0	0.000791062	0	0	0	0	0	0	0	0	0	0.014388749	0.0033083	0.003548141	0.005945153	0.001686907	0.014388749	0.001813346	0.001852521	0	0	0.000929832	0	0	0																	
UA_Var_16_60	2016_60	4.915223402	Dmel	0	UA	Ukraine	Var	2016/08/26	2016	8	26	50.48469444	32.71425	130.7	S	40	6.60606175	9.69E-06	0.000706802	0.002184305	0	0	0	0	0	0.000255829	0	0	0	4.531173033	0.509122808	0.620128788	2.893218116	2.469484825	3.146346748	0.753980873	2.008156864	1.260820211	0.294740085	4.531173033	0.552605661	0	0.008426286																	
UA_Yal_16_61	2016_61	8.430620673	Dmel	0	UA	Ukraine	Yal	2016/08/20	2016	8	20	44.5015	34.1661	47.6	S	40	0.826856822	0	0	0.004844161	0	9.56E-06	0	0	0	0	0	0	0	1.494552692	0.156498931	0.079969122	0.011528517	0.175932397	1.494552692	0.59719982	0.115213803	0.050240836	0.000683733	0.000711742	0.001075647	0	0																	
UA_Cho_16_62	2016_62	4.119288722	Dmel	0	UA	Ukraine	Cho	2016/09/04	2016	9	4	51.38691667	30.07330556	108.8	S	40	0.004519841	0	0	0.001111804	0	0	0	0	0	0	0	0	0	0.00668453	0.000929935	0.00110817	0.00668453	0.000889079	0.005208898	0.001274291	0	0.000663654	0.000627706	0.003920517	0.000493753	0	0.012866862																	
